0,0,20,76
0,1,20,77
1,2,20,79
0,3,20,81
0,4,20,81
0,5,20,83
0,6,20,84
0,7,20,85
0,8,20,86
0,9,20,87
0,10,21,88
0,11,21,89
0,12,21,90
0,13,21,91
0,14,21,92
0,15,21,93
0,16,21,94
0,17,21,95
0,18,21,96
0,19,21,97
0,20,21,98
0,21,21,99
0,22,21,100
0,23,21,101
0,24,21,102
0,25,21,103
0,26,21,104
0,27,21,105
0,28,21,106
0,29,21,107
0,30,21,108
0,31,21,109
0,32,21,110
0,33,21,111
0,35,21,113
0,36,21,114
0,37,21,116
0,38,21,116
0,39,21,118
0,40,21,119
0,41,21,120
0,42,21,121
0,43,21,122
0,44,21,123
0,45,21,124
0,46,21,125
0,47,21,126
0,48,21,127
0,49,21,128
0,50,21,129
0,51,21,130
0,52,21,131
0,53,21,132
0,54,21,133
0,55,21,134
0,56,21,135
0,57,21,136
0,58,21,137
0,59,21,138
0,60,21,139
0,61,21,140
0,62,21,141
0,63,21,142
0,64,21,143
0,65,21,144
0,66,21,145
0,67,21,147
0,68,21,147
0,69,21,148
0,70,21,149
0,71,21,150
0,72,21,151
0,73,21,152
0,74,21,154
0,75,21,155
0,76,21,156
0,77,21,157
0,78,21,158
0,79,21,159
0,81,21,161
0,82,21,162
0,83,21,163
0,84,21,164
0,85,21,165
0,86,21,166
0,87,21,167
0,88,21,168
0,89,21,169
0,90,21,170
0,91,21,171
0,92,21,172
0,93,21,173
0,94,21,174
0,95,21,175
0,96,21,176
0,97,21,177
0,98,21,178
0,99,21,179
0,100,22,180

